image_width: 964
image_height: 724
camera_name: usb_cam
camera_matrix:
  rows: 3
  cols: 3
  data: [484.181682, 0.000000, 456.751937, 0.000000, 484.525727, 364.568142, 0.000000, 0.000000, 1.000000]
distortion_model: plumb_bob
distortion_coefficients:
  rows: 1
  cols: 5
  data: [-0.199205, 0.067711, 0.003373, -0.000042, 0.000000]
rectification_matrix:
  rows: 3
  cols: 3
  data: [1.000000, 0.000000, 0.000000, 0.000000, 1.000000, 0.000000, 0.000000, 0.000000, 1.000000]
projection_matrix:
  rows: 3
  cols: 4
  data: [424.577698, 0.000000, 459.875424, 0.000000, 0.000000, 432.095337, 368.661818, 0.000000, 0.000000, 0.000000, 1.000000, 0.000000]
